((("baidu" .
   [1 0 0 0 0])
  ("t_a" .
   [1 0 0])
  ("broken" .
   [0 0 0 1 0 0])
  ("Sorry" .
   [0 0 0 1 0])
  ("heroku" .
   [2 0 0 1 0 0])
  ("erb" .
   [2 0 0])
  (":follow_fan" .
   [2 0 0 0 0 0 0 0 0 0 0])
  (":follow_star" .
   [2 0 0 0 0 0 0 0 0 0 0 0])
  (":fans" .
   [1 0 0 0 0])
  (":stars" .
   [1 0 0 0 0 0])
  ("fans" .
   [2 0 0 0])
  (":follow_fans" .
   [2 0 0 0 0 0 0 0 0 0 0 0])
  (":follow_stars" .
   [3 0 0 0 0 0 0 0 0 0 0 0 0])
  ("fan_id" .
   [1 0 0 0 0 0])
  ("star_id" .
   [2 0 0 0 0 0 0])
  (":foreign_key" .
   [0 0 0 2 1 0 0 0 0 0 0 0])
  ("zh" .
   [3 0])
  ("Of" .
   [1 0])
  ("Resume" .
   [1 0 0 0 0 0])
  ("en" .
   [2 0])
  ("lang" .
   [3 0 0 0])
  ("~/.emacs.d/vendor/coffee-mode/" .
   [0 0 0 0 0 0 0 0 0 0 0 0 0 0 0 0 0 0 1 0 0 0 0 0 0 0 0 0 0 0])
  ("~/.emacs.d/vendor/" .
   [0 0 0 0 0 0 0 0 0 0 0 0 0 0 1 0 0 0])
  ("1.0" .
   [0 0 1])
  ("0.001" .
   [0 0 1 0 0])
  ("sqrt" .
   [1 0 2 0])
  ("new-if" .
   [1 0 0 0 0 0])
  ("else-clause" .
   [0 0 0 0 0 0 1 0 0 0 0])
  ("then-clause" .
   [0 0 0 0 0 1 0 0 0 0 0])
  ("predicate" .
   [0 0 0 1 0 0 0 0 0])
  ("good-enough?" .
   [0 0 0 1 2 1 0 0 0 0 0 0])
  ("improve" .
   [0 0 1 3 0 0 0])
  ("sqrt-iter" .
   [0 0 2 0 3 0 2 0 0])
  ("guess" .
   [18 0 0 3 0])
  ("abs" .
   [3 0 0])
  ("sum-square" .
   [0 0 0 4 0 0 0 0 0 0])
  ("square" .
   [0 0 4 0 2 0])
  ("cond" .
   [2 0 0 0])
  ("define" .
   [11 0 3 7 0 0])
  ("bc1" .
   [1 0 0])
  (":gender" .
   [1 0 0 0 0 0 0])
  (":email" .
   [1 0 0 0 0 0])
  ("1987" .
   [1 0 0 0])
  ("port" .
   [1 0 0 0])
  ("ttserver" .
   [1 0 0 0 0 0 0 0])
  ("已经在对比栏中" .
   [0 0 1 0 0 0 0])
  ("em" .
   [2 0])
  ("$colbut" .
   [1 0 0 0 0 0 0])
  ("booksAtCol" .
   [0 0 0 1 0 0 0 0 0 0])
  ("markFragment" .
   [0 0 3 0 0 0 0 0 0 0 0 0])
  ("toMatch" .
   [0 0 0 1 0 0 0])
  ("$colbut0" .
   [1 0 0 0 1 0 0 0])
  ("click" .
   [0 0 0 2 0])
  ("json" .
   [2 0 0 0])
  ("object" .
   [4 0 0 0 0 0])
  ("blank_cols" .
   [1 0 0 0 0 0 0 0 0 0])
  ("blank_col_html" .
   [0 0 0 1 0 0 0 0 0 0 0 0 0 0])
  ("beforeEach" .
   [0 0 1 2 0 0 0 0 0 0])
  ("describe" .
   [0 0 1 5 0 0 0 0])
  ("$add_col" .
   [1 0 0 0 0 0 0 0])
  ("1082407" .
   [0 0 0 2 0 0 0])
  ("1767945" .
   [0 0 3 0 0 0 0])
  ("checkFragment" .
   [0 0 1 0 0 0 0 0 0 0 0 0 0])
  ("checkCols" .
   [0 0 1 0 0 0 0 0 0])
  ("$blank_col" .
   [0 0 0 2 0 0 0 0 0 0])
  ("padColByBook" .
   [0 0 0 2 0 0 0 0 0 0 0 0])
  ("$col" .
   [1 0 0 0])
  ("cap" .
   [3 0 0])
  ("1234" .
   [1 0 0 0])
  ("123" .
   [2 0 0])
  ("getBookSidsByFragment" .
   [0 0 0 2 0 0 0 0 0 0 0 0 0 0 0 0 0 0 0 0 0])
  ("href" .
   [2 0 0 0])
  ("dir" .
   [11 0 0])
  ("console" .
   [2 0 0 4 6 0 0])
  ("book_pad_html" .
   [0 0 0 0 0 0 0 0 1 0 0 0 0])
  ("1869705" .
   [2 0 0 1 0 0 0])
  ("$cb" .
   [2 0 0])
  ("toEqual" .
   [0 0 4 2 0 0 0])
  ("expect" .
   [0 0 2 4 0 0])
  ("1888787" .
   [0 0 0 1 2 0 0])
  ("2228378" .
   [0 0 0 3 0 0 0])
  ("image_link" .
   [4 0 1 1 0 0 0 0 0 0])
  ("alt_link" .
   [0 0 0 6 3 0 0 0])
  ("subject_id" .
   [3 0 8 2 0 0 0 0 0 0])
  ("getBookBySid" .
   [0 0 0 5 0 0 0 1 0 1 0 0])
  ("BrainHalf" .
   [0 0 11 1 0 1 0 0 0])
  ("colbutt" .
   [1 0 1 4 0 0 0])
  ("replace" .
   [4 0 0 2 1 0 0])
  ("book_sid" .
   [14 0 0 0 0 0 0 0])
  ("sid" .
   [2 0 0])
  ("book_img" .
   [1 0 0 0 0 0 0 0])
  ("getBookPadHtml获得书的image_link" .
   [0 0 0 0 0 0 0 1 0 0 0 0 0 0 0 0 0 0 0 0 0 0 0 0 0 0 0 0])
  ("book_sources" .
   [0 0 0 0 6 2 0 0 0 0 0 0])
  ("bookSources" .
   [0 0 0 0 0 3 0 1 0 0 0])
  ("book_sids" .
   [16 0 0 0 0 0 0 0 0])
  ("fragment" .
   [1 0 6 4 1 1 0 0])
  ("hash" .
   [10 0 0 0])
  ("window" .
   [4 0 0 9 2 0])
  ("empty?" .
   [0 0 1 0 0 0])
  ("get_attribute" .
   [0 0 0 0 0 0 3 2 0 0 0 0 0])
  ("rel" .
   [2 0 0])
  (":image_link" .
   [0 0 0 0 0 0 1 0 0 0 0])
  (":alt_link" .
   [0 0 0 0 1 0 0 0 0])
  ("get_link" .
   [1 0 0 0 2 0 0 0])
  ("self_link" .
   [2 0 0 0 1 0 0 1 0])
  (":self_link" .
   [0 0 0 0 0 2 0 0 0 0])
  ("subject" .
   [1 0 0 0 0 0 0])
  ("douban" .
   [2 0 0 0 0 0])
  ("authors" .
   [1 0 1 0 0 0 0])
  ("translators" .
   [1 0 1 1 0 0 0 0 0 0 0])
  ("translator" .
   [0 0 0 2 1 0 0 0 0 0])
  (":translators" .
   [0 0 0 1 0 0 0 0 0 0 0 0])
  (":publisher" .
   [0 0 0 1 0 0 0 0 0 0])
  ("pubdate" .
   [2 0 0 0 0 0 0])
  (":pubdate" .
   [1 0 0 0 0 0 0 0])
  ("be_nil" .
   [3 0 0 0 0 0])
  ("should_not" .
   [2 0 0 0 0 0 0 0 1 0])
  ("author" .
   [1 0 1 0 0 0])
  (":average" .
   [0 0 0 1 0 0 0 0])
  ("gd" .
   [1 0])
  ("xmlns" .
   [2 0 0 0 0])
  ("db:attribute" .
   [0 0 0 0 2 2 1 0 0 0 0 0])
  (":each" .
   [1 0 0 0 0])
  ("douban_books" .
   [1 0 0 0 0 0 0 0 0 0 0 0])
  ("num_raters" .
   [0 0 0 1 0 0 0 0 0 0])
  ("average" .
   [0 0 3 1 0 0 0])
  ("isbn13" .
   [2 0 0 0 0 0])
  (":isbn13" .
   [1 0 0 0 0 0 0])
  ("isbn10" .
   [2 0 0 0 0 0])
  (":isbn10" .
   [1 0 0 0 0 0 0])
  (":author_name" .
   [0 0 0 0 0 1 0 0 0 0 0 0])
  (":num_raters" .
   [0 0 0 0 1 0 0 0 0 0 0])
  ("be_true" .
   [0 0 0 0 1 0 0])
  ("ISBN" .
   [0 0 1 0])
  ("match" .
   [4 0 0 0 0])
  ("entry" .
   [14 0 0 7 0])
  ("feed" .
   [4 0 0 0])
  ("xpath" .
   [10 0 1 1 0])
  ("remove_namespaces!" .
   [0 0 0 1 0 0 1 0 0 0 0 0 0 0 0 0 0 0])
  ("Nokogiri::XML" .
   [0 0 0 1 0 0 0 0 0 0 0 0 0])
  ("nokogiri" .
   [0 0 0 1 0 0 0 0])
  ("haml-mode" .
   [0 0 0 0 0 1 0 0 0])
  ("export" .
   [0 0 0 2 0 0])
  ("NewAllocated" .
   [0 0 0 1 0 0 0 0 0 0 0 0])
  ("lists" .
   [1 0 0 0 0])
  ("Free" .
   [3 0 0 0])
  ("no_frequencey" .
   [0 0 0 1 0 0 0 0 0 0 0 0 0])
  ("Allocated" .
   [0 0 0 1 4 0 0 0 0])
  ("_assertEqual" .
   [0 0 0 0 3 0 0 0 0 0 0 0])
  ("call" .
   [3 0 0 0])
  ("stop" .
   [4 0 0 0])
  ("reply" .
   [0 0 2 3 0])
  ("Freq" .
   [12 0 0 0])
  ("deallocate" .
   [0 0 4 1 1 0 0 0 0 0])
  ("NewFrequencies" .
   [0 0 0 3 0 0 0 0 0 0 0 0 0 0])
  ("Reply" .
   [0 0 5 3 0])
  ("Pid" .
   [10 0 0])
  ("receive" .
   [0 0 1 1 0 0 0])
  ("loop" .
   [4 0 0 0])
  ("init" .
   [1 0 0 0])
  ("fun" .
   [1 0 0])
  ("spawn" .
   [0 0 0 1 0])
  ("frequency" .
   [0 0 0 3 0 0 0 0 0])
  ("register" .
   [0 0 0 0 1 0 0 0])
  ("freq_allocate_test_" .
   [1 0 0 0 0 0 0 0 0 0 0 0 0 0 0 0 0 0 0])
  ("get_frequencies" .
   [0 0 0 1 0 0 0 0 0 0 0 0 0 0 0])
  ("allocate" .
   [1 0 0 2 3 2 0 0])
  ("_assert_equal" .
   [1 0 0 0 0 0 0 0 0 0 0 0 0])
  ("Frequencies" .
   [0 0 0 5 1 0 0 0 0 0 0])
  ("_assert" .
   [0 0 0 0 4 0 0])
  ("&server-loop-bad" .
   [0 0 0 0 1 0 0 0 0 0 0 0 0 0 0 0])
  ("Got" .
   [1 0 0])
  ("erl-receive" .
   [0 0 0 0 0 0 0 0 1 0 0])
  ("tuple" .
   [0 0 0 1 0])
  ("mlet" .
   [1 0 0 0])
  ("spawn-counter" .
   [0 0 0 0 0 1 0 0 0 0 0 0 0])
  ("msg" .
   [4 0 0])
  ("erl-receive*" .
   [0 0 0 0 0 0 0 0 1 0 0 0])
  ("&counter-loop" .
   [1 0 0 0 0 0 0 0 1 0 0 0 0])
  ("erl-register" .
   [0 0 0 0 0 0 0 1 0 0 0 0])
  ("erl-self" .
   [1 0 0 0 0 0 0 0])
  ("erl-spawn" .
   [1 0 0 1 0 0 0 0 0])
  ("UsersHelper" .
   [0 0 0 0 1 0 0 0 0 0 0])
  ("development:" .
   [1 0 0 0 0 0 0 0 0 0 0 0])
  ("development" .
   [0 0 0 1 0 0 0 0 0 0 0])
  ("barcolor" .
   [0 0 0 2 0 0 0 0])
  ("buffer-name" .
   [1 0 0 0 3 0 0 0 0 0 0])
  ("buffer" .
   [3 0 0 0 0 0])
  ("this" .
   [20 0 0 0])
  ("of" .
   [4 0])
  ("message" .
   [5 0 0 0 17 0 0])
  ("the" .
   [4 0 0])
  ("number-to-string" .
   [0 0 0 1 0 0 0 0 0 0 0 0 0 0 0 1])
  (":local" .
   [1 0 0 0 0 0])
  ("books" .
   [11 0 0 0 0])
  ("database" .
   [1 0 0 0 0 0 0 0])
  ("nosql" .
   [1 0 0 0 0])
  ("tool" .
   [1 0 0 0])
  ("EOF" .
   [1 0 0])
  ("book" .
   [70 0 0 0])
  (":price" .
   [2 0 0 0 0 0])
  ("ruby" .
   [2 0 0 0])
  ("Book" .
   [11 0 0 0])
  ("assign" .
   [1 0 0 0 0 0])
  ("1:1988" .
   [1 0 0 0 0 0])
  ("127" .
   [1 0 0])
  (":TT" .
   [1 0 0])
  ("backend_configure" .
   [0 0 0 1 0 0 0 0 0 0 0 0 0 0 0 0 0])
  ("wsdlDriver" .
   [1 0 0 0 0 0 0 0 0 0])
  ("ago" .
   [2 0 0])
  ("day" .
   [8 0 0])
  ("before" .
   [1 0 0 1 0 0])
  ("online_teams" .
   [0 0 3 1 0 0 0 0 0 0 0 0])
  ("deals" .
   [1 0 0 0 0])
  ("team_ids" .
   [1 0 0 0 0 0 0 0])
  ("deal" .
   [15 0 0 0])
  ("12345" .
   [3 0 0 0 0])
  ("123456" .
   [2 0 0 0 0 0])
  ("valp" .
   [4 0 0 0])
  ("3490593" .
   [1 0 0 0 0 0 0])
  ("test_show_bytes" .
   [0 0 0 1 0 0 0 0 0 0 0 0 0 0 0])
  ("main" .
   [1 0 0 0])
  ("pval" .
   [1 0 0 0])
  ("show_pointer" .
   [0 0 0 0 0 0 0 1 0 0 0 0])
  ("fval" .
   [1 0 0 0])
  ("show_float" .
   [1 0 0 0 0 0 0 0 1 0])
  ("show_int" .
   [3 0 0 0 0 0 0 0])
  ("ival" .
   [2 0 0 0])
  ("sizeof" .
   [1 0 0 1 2 0])
  ("show_bytes" .
   [0 0 3 1 5 1 0 1 0 0])
  ("printf" .
   [0 0 0 2 0 0])
  ("len" .
   [1 0 0])
  ("for" .
   [4 0 0])
  ("byte_pointer" .
   [0 0 0 1 5 0 0 0 0 0 0 0])
  ("void" .
   [8 0 0 0])
  ("char" .
   [3 0 0 0])
  ("unsigned" .
   [0 0 0 1 0 0 0 0])
  ("typedef" .
   [0 0 0 0 1 0 0])
  ("inc" .
   [0 0 2])
  ("click_button" .
   [0 0 0 1 0 0 0 0 0 0 0 0])
  ("coupon_ids" .
   [2 0 0 0 0 0 0 0 0 0])
  ("hashes" .
   [0 0 0 2 0 0])
  ("coupons" .
   [4 0 0 0 0 0 0])
  ("pending" .
   [0 0 0 0 1 0 0])
  ("check" .
   [3 0 0 0 0])
  ("consume" .
   [0 0 1 0 0 0 0])
  ("yewu_credit" .
   [0 0 1 0 1 0 0 1 0 0 0])
  ("render_error" .
   [0 0 0 1 0 0 1 0 0 0 0 0])
  (":only" .
   [1 0 0 2 0])
  ("before_filter" .
   [0 0 0 0 1 0 0 0 1 0 0 0 0])
  ("error_result" .
   [1 0 0 0 0 0 0 0 0 0 0 0])
  ("it" .
   [11 0])
  ("end_day" .
   [1 0 0 0 0 0 0])
  ("begin_day" .
   [1 0 0 0 0 0 0 0 0])
  (":time" .
   [5 0 0 0 0])
  ("15:30:12" .
   [0 0 0 1 0 0 0 0])
  ("save" .
   [6 0 0 0])
  ("00:00:00" .
   [1 0 0 0 0 0 0 0])
  ("Tool" .
   [1 0 0 0])
  ("teams" .
   [17 0 0 0 0])
  ("read" .
   [1 0 0 0])
  ("12" .
   [5 0])
  ("get_text_and_sign" .
   [0 0 0 0 0 0 1 0 1 0 0 0 0 0 0 0 0])
  ("deallist" .
   [1 0 0 0 0 0 0 0])
  ("not" .
   [14 0 0])
  ("gmail" .
   [3 0 0 0 0])
  ("destroy_all" .
   [1 0 0 1 0 0 0 0 0 0 0])
  ("3162841" .
   [0 0 1 0 0 0 0])
  ("18" .
   [1 0])
  ("kefu" .
   [3 0 0 0])
  ("current_user" .
   [0 0 10 2 0 0 0 0 0 0 0 0])
  ("AND" .
   [5 0 0])
  ("current-nav" .
   [1 0 0 0 0 0 0 0 0 0 0])
  (":check_date" .
   [0 0 0 0 1 0 0 0 0 0 0])
  ("inherit" .
   [0 0 0 1 0 0 0])
  ("transparent" .
   [0 0 0 0 0 1 0 0 0 0 0])
  ("thead" .
   [1 0 0 0 0])
  ("hover" .
   [3 0 0 0 0])
  ("tr" .
   [3 0])
  ("a5a5a5" .
   [0 0 1 0 0 0])
  ("border-top" .
   [1 0 0 0 0 0 0 0 0 0])
  ("ccc" .
   [1 0 0])
  ("background-color" .
   [0 0 3 1 0 0 0 0 0 0 0 0 0 0 0 0])
  ("collapse" .
   [0 0 0 0 1 0 0 0])
  ("border-collapse" .
   [0 0 0 0 0 0 0 0 0 1 0 0 0 0 0])
  ("table" .
   [1 0 0 0 0])
  ("refundissues_url" .
   [0 0 0 0 1 0 0 0 0 0 0 0 0 0 0 0])
  ("comments" .
   [1 0 0 0 0 0 0 0])
  ("TuanCoupon" .
   [0 0 1 0 3 0 0 1 0 0])
  (":index" .
   [2 0 0 0 0 0])
  ("destroy" .
   [2 0 0 1 2 0 0])
  ("CoopAuth" .
   [0 0 1 2 0 0 0 0])
  (":authvalue" .
   [0 0 0 4 0 0 0 0 0 0])
  (":team_id" .
   [1 0 0 1 2 0 0 0])
  (":coop_id" .
   [1 0 0 1 1 1 0 0])
  ("pay_number" .
   [0 0 1 1 1 0 0 0 0 0])
  ("per_number" .
   [0 0 0 2 0 0 0 0 0 0])
  ("per_min_number" .
   [0 0 0 2 0 0 0 1 0 0 0 0 0 0])
  ("namespace" .
   [0 0 0 1 1 0 0 0 0])
  ("kaixin" .
   [0 0 1 0 0 0])
  ("delivery" .
   [0 0 0 1 1 0 0 0])
  ("team_id" .
   [6 0 0 0 0 0 0])
  ("t_order" .
   [1 0 0 0 0 0 0])
  ("cooperation" .
   [1 0 0 0 0 0 0 0 0 0 0])
  ("notify_attrs" .
   [1 0 2 0 0 0 0 0 0 0 0 0])
  ("attr" .
   [32 0 0 0])
  ("notify_time" .
   [1 0 0 1 0 0 0 0 1 0 0])
  ("notify_id" .
   [3 0 0 0 0 0 0 0 0])
  ("trade_status" .
   [0 0 2 0 0 0 0 0 1 0 0 0])
  ("trade_no" .
   [1 0 0 1 0 1 0 0])
  (":_input_charset" .
   [0 0 0 0 1 0 0 0 0 0 0 0 0 0 0])
  (":notify_url" .
   [0 0 0 1 0 0 0 0 0 0 0])
  (":return_url" .
   [0 0 1 1 0 0 0 0 0 0 0])
  (":sign_type" .
   [1 0 0 0 0 0 0 0 0 0])
  (":sign" .
   [2 0 0 0 0])
  (":partner" .
   [0 0 0 1 0 0 0 0])
  ("raw_h" .
   [8 0 0 1 0])
  ("r" .
   [3])
  ("notify_params" .
   [0 0 1 0 0 0 0 0 0 1 0 0 0])
  ("get_am" .
   [1 0 0 0 0 0])
  ("am" .
   [29 0])
  ("md5" .
   [1 0 0])
  ("md5_str" .
   [1 0 1 0 0 0 0])
  ("raw_sign" .
   [3 0 0 0 0 0 0 0])
  ("key" .
   [3 0 0])
  ("sign_type" .
   [1 0 0 0 0 0 0 0 0])
  ("r_h" .
   [3 0 0])
  ("sign" .
   [10 0 0 0])
  (":text" .
   [5 0 0 0 0])
  ("text" .
   [15 0 0 0])
  ("string" .
   [10 0 0 0 0 0])
  ("Content" .
   [1 0 0 0 0 0 0])
  ("headers" .
   [0 0 0 0 1 0 0])
  ("ok?" .
   [2 0 0])
  ("ok" .
   [8 0])
  ("req" .
   [2 0 0])
  ("respons" .
   [1 0 0 0 0 0 0])
  ("fail" .
   [3 0 0 0])
  ("comit" .
   [3 0 0 0 0])
  ("body" .
   [15 0 0 1])
  ("last_response" .
   [0 0 9 4 1 0 0 1 0 0 0 0 0])
  ("gateway" .
   [2 0 8 2 1 0 0])
  ("cooperate" .
   [0 0 1 0 1 0 0 0 0])
  ("alipay" .
   [2 0 0 0 0 0])
  ("ALIPAY_APP" .
   [0 0 0 1 0 0 0 0 0 0])
  ("app" .
   [2 0 0])
  ("rack" .
   [2 0 0 0])
  ("updated_at" .
   [1 0 0 0 0 0 0 0 0 0])
  ("clear_state" .
   [0 0 0 0 0 2 0 0 0 0 0])
  (":state" .
   [1 0 0 0 0 0])
  ("shtmljim" .
   [1 0 0 0 0 0 0 0])
  ("yasnippet-bundle" .
   [0 1 0 0 0 0 0 0 0 0 0 0 0 0 0 0])
  ("~/.emacs.d/plugins/" .
   [0 0 0 0 0 0 0 0 0 0 0 0 0 1 0 0 0 0 0])
  ("load-path" .
   [1 0 0 2 1 0 0 0 0])
  ("add-to-list" .
   [1 0 0 0 0 0 1 0 0 0 0])
  ("alert" .
   [3 0 0 1 0])
  ("已经收藏" .
   [1 0 0 0])
  ("收藏成功" .
   [1 0 0 0])
  ("red" .
   [4 0 0])
  (":details" .
   [0 0 1 0 0 0 0 0])
  ("hmt" .
   [1 0 0])
  ("2010" .
   [5 0 0 0])
  ("like" .
   [1 0 0 0])
  ("stem" .
   [1 0 0 0])
  ("record_spread_detail" .
   [0 0 0 0 1 0 0 0 0 0 0 0 0 0 0 0 0 0 0 0])
  ("record" .
   [1 0 0 0 0 0])
  ("ymd_date" .
   [1 0 0 0 0 0 0 0])
  ("strftime" .
   [0 0 2 4 1 0 0 0])
  ("promoter" .
   [3 0 0 0 0 0 0 0])
  ("value" .
   [9 0 0 0 0])
  ("date" .
   [2 0 0 0])
  (":filter" .
   [3 0 0 0 0 0 0])
  ("ftag" .
   [1 0 0 0])
  (":member" .
   [1 0 0 0 0 0 0])
  ("XML" .
   [1 0 0])
  ("LOAD" .
   [1 0 0 0])
  ("t_num" .
   [2 0 0 0 0])
  ("spi" .
   [1 0 0])
  ("to_url" .
   [2 0 0 0 0 0])
  ("session" .
   [5 0 0 0 3 0 0])
  ("redirect_to" .
   [1 0 0 5 5 1 1 0 0 0 0])
  (":account" .
   [0 0 0 1 0 0 0 0])
  ("account" .
   [2 0 0 6 0 0 0])
  ("ACCOUNT" .
   [0 0 0 0 1 0 0])
  (":path_prefix" .
   [0 0 0 0 0 0 1 0 0 0 0 0])
  ("resource" .
   [1 0 0 0 0 0 0 0])
  ("both" .
   [2 0 0 0])
  ("clear" .
   [2 0 0 0 0])
  ("normal" .
   [1 0 0 3 1 0])
  ("font-weight" .
   [0 0 0 0 0 0 4 1 0 0 0])
  ("h2title" .
   [0 0 0 1 0 0 0])
  ("maninfos" .
   [1 0 0 0 0 1 0 0])
  ("13px" .
   [0 0 1 0])
  ("1px" .
   [6 0 0])
  ("border-bottom" .
   [1 0 1 0 0 0 0 0 0 1 0 0 0])
  ("float" .
   [11 0 5 2 0])
  ("inline" .
   [1 0 0 0 0 0])
  ("infos" .
   [5 0 0 0 0])
  ("cooktags" .
   [2 0 0 0 0 0 0 0])
  ("edit" .
   [2 0 0 0])
  (":template" .
   [0 0 0 1 0 0 0 0 0])
  ("修改失败" .
   [1 0 0 0])
  ("cooktag" .
   [5 0 0 0 0 0 0])
  ("修改成功" .
   [0 0 1 0])
  (":notice" .
   [2 0 0 0 0 0 0])
  ("flash" .
   [3 0 0 2 0])
  ("update_attributes" .
   [0 0 4 0 0 0 0 0 0 0 0 0 0 0 0 0 0])
  ("null" .
   [1 0 0 0])
  ("系统标签" .
   [0 0 1 0])
  (":ctype" .
   [2 0 0 0 0 0])
  ("stag" .
   [2 0 0 0])
  ("stags" .
   [2 0 0 0 0])
  ("systags" .
   [2 0 6 0 0 0 0])
  ("update" .
   [2 0 0 0 0 0])
  ("pollcount" .
   [0 0 2 0 0 0 1 0 0])
  ("20" .
   [3 0])
  ("company" .
   [1 0 1 2 0 0 0])
  ("OCompany" .
   [0 0 1 0 0 0 0 0])
  ("168" .
   [1 0 0])
  ("192" .
   [1 0 0])
  ("ActiveRecord::Base" .
   [0 0 2 1 0 0 0 0 0 0 0 0 0 0 0 0 0 0])
  ("Company" .
   [0 0 1 6 1 0 0])
  (":host" .
   [1 0 0 0 0])
  (":password" .
   [0 0 0 1 0 0 0 0 0])
  ("root" .
   [1 0 0 0])
  (":username" .
   [4 0 1 0 0 1 0 0 0])
  (":pool" .
   [0 0 1 0 0])
  (":reconnect" .
   [0 0 0 1 0 0 0 0 0 0])
  ("utf8" .
   [1 0 0 1])
  (":encoding" .
   [0 0 0 1 0 0 0 0 0])
  ("mysql" .
   [1 0 0 0 0])
  (":adapter" .
   [0 0 0 1 0 0 0 0])
  ("to_s" .
   [21 0 0 0])
  ("wday" .
   [1 0 0 0])
  ("你是否输入了合适的地铁名称和城市名称" .
   [0 0 0 1 0 0 0 0 0 0 0 0 0 0 0 0 0 0])
  ("2em" .
   [3 0 0])
  ("1em" .
   [8 0 0])
  ("visited" .
   [0 0 0 1 0 0 0])
  ("link" .
   [1 0 0 0])
  ("cpurl" .
   [1 0 1 0 0])
  ("text-align" .
   [1 0 1 0 0 0 3 0 1 0])
  ("18px" .
   [1 0 0 0])
  ("margin-top" .
   [5 0 0 2 0 0 0 0 0 0])
  ("ulist" .
   [3 0 0 0 0])
  ("ul" .
   [2 0])
  (":nav" .
   [1 0 0 0])
  ("nav" .
   [2 0 0])
  ("validates_uniqueness_of" .
   [0 0 1 0 1 0 0 0 0 0 0 0 0 0 0 0 0 0 0 0 0 0 0])
  ("in" .
   [4 0])
  ("compact" .
   [0 0 0 0 0 1 0])
  ("navtag" .
   [1 0 2 1 0 0])
  (":action" .
   [1 0 4 8 0 0 0])
  ("render" .
   [9 0 0 2 0 0])
  ("unvalid_tags" .
   [0 0 1 0 0 0 0 0 0 0 0 0])
  ("group_by" .
   [0 0 2 0 0 0 0 0])
  ("v" .
   [2])
  ("subwaystr" .
   [0 0 1 0 0 0 0 0 0])
  ("addchar" .
   [1 0 0 0 0 0 0])
  ("tkind" .
   [2 0 0 0 0])
  ("create_tags" .
   [0 0 0 0 0 0 0 0 1 0 0])
  ("Ordertag" .
   [0 0 2 0 0 0 0 0])
  ("subway" .
   [1 0 0 0 1 0])
  ("find_by_name" .
   [3 0 0 0 0 0 1 3 0 0 0 0])
  (":value" .
   [1 0 2 4 1 0])
  ("area" .
   [2 0 1 0])
  (":dishmenuid" .
   [0 0 0 0 1 0 0 0 0 0 0])
  ("tag" .
   [33 0 0])
  ("tags" .
   [11 0 0 0])
  ("Cate::FILTERS" .
   [0 0 0 0 0 0 1 0 0 0 0 0 0])
  ("FACETS" .
   [0 0 1 0 0 0])
  ("ff" .
   [1 0])
  ("FILTERS" .
   [0 0 2 0 0 0 0])
  ("fq" .
   [1 0])
  ("new_params" .
   [0 0 0 1 1 0 0 0 0 0])
  ("fhash" .
   [2 0 0 0 0])
  ("filter" .
   [9 0 0 0 0 0])
  ("dup" .
   [3 0 0])
  ("filters" .
   [4 0 0 0 0 0 0])
  (":jiawei" .
   [1 0 0 0 0 0 0])
  ("dummy" .
   [2 0 0 0 0])
  ("font" .
   [2 0 0 0])
  ("gsub" .
   [2 0 0 0])
  ("highlight" .
   [0 0 3 0 0 0 0 0 0])
  ("歇业" .
   [2 0])
  ("span" .
   [10 0 0 0])
  ("营业不可预订" .
   [0 0 2 0 0 0])
  ("f" .
   [4])
  ("work_status" .
   [0 0 0 1 2 0 0 0 0 0 0])
  ("and" .
   [22 0 0])
  ("可预订" .
   [3 0 0])
  (":work_status" .
   [0 0 0 0 1 0 0 0 0 0 0 0])
  (":content" .
   [4 0 0 0 0 0 0 0])
  ("order_status" .
   [0 0 2 0 0 2 0 0 0 0 0 0])
  ("int" .
   [13 0 0])
  (":order_status" .
   [0 0 0 0 1 0 1 0 0 0 0 0 0])
  ("debugger" .
   [0 0 0 2 3 0 0 0])
  ("cate_detail" .
   [1 0 0 0 0 0 0 0 0 0 0])
  ("ad" .
   [1 0])
  (":cityletter" .
   [0 0 0 2 1 0 0 0 0 0 0])
  (":keyword" .
   [0 0 0 1 1 0 0 0])
  ("merge!" .
   [6 0 0 0 0 1])
  ("com_keyword" .
   [1 0 0 1 0 1 0 0 0 0 0])
  ("com_city" .
   [2 0 0 0 1 0 0 0])
  ("cityid" .
   [2 0 0 0 0 0])
  ("cates" .
   [1 0 0 0 0])
  ("cate_ids" .
   [2 0 0 0 0 0 0 0])
  ("Clientinfo" .
   [0 0 0 0 0 0 1 0 0 0])
  ("FEE" .
   [1 0 0])
  ("价位维度" .
   [1 0 0 0])
  ("COST" .
   [1 0 0 0])
  ("results" .
   [0 0 0 0 1 0 0])
  ("CUISINE" .
   [0 0 2 0 0 0 0])
  ("菜系维度" .
   [1 0 0 0])
  ("cuisines" .
   [1 0 0 1 0 0 0 0])
  ("其他" .
   [7 0])
  ("other" .
   [5 0 2 0 0])
  ("code" .
   [10 0 0 0])
  ("facet" .
   [9 0 4 2 0])
  ("SUBWAY" .
   [0 0 1 1 0 0])
  ("地铁沿线维度" .
   [0 0 1 0 0 0])
  ("result" .
   [6 0 0 2 2 0])
  ("build" .
   [5 0 0 0 0])
  ("Facet" .
   [3 0 0 1 0])
  ("filterBox" .
   [0 0 1 0 0 0 0 0 0])
  ("list-style-type" .
   [0 0 0 0 2 0 0 0 0 0 0 0 0 0 0])
  ("outside" .
   [1 0 0 1 0 0 0])
  ("list-style-position" .
   [0 0 0 0 2 0 0 0 0 0 0 0 0 0 0 0 0 0 0])
  ("none" .
   [7 0 1 0])
  ("n" .
   [2])
  ("list-style-image" .
   [0 0 0 0 2 0 0 0 0 0 0 0 0 0 0 0])
  ("list-style" .
   [1 0 0 0 0 0 0 0 0 0])
  ("margin" .
   [8 0 0 1 0 0])
  ("Dir" .
   [1 0 0])
  ("rb" .
   [3 0])
  ("require" .
   [8 0 0 18 1 0 0])
  ("engine" .
   [3 0 0 5 0 0])
  ("TODO" .
   [2 0 0 1])
  ("todo" .
   [2 0 0 0])
  ("Cook" .
   [3 0 0 0])
  (":attach" .
   [1 0 0 1 0 0 0])
  ("attach" .
   [1 0 0 0 0 0])
  ("try" .
   [17 0 0])
  (":info" .
   [1 0 0 0 0])
  ("cook" .
   [5 0 0 0])
  ("super" .
   [7 0 1 0 0])
  (":all" .
   [5 0 0 0])
  ("s" .
   [13])
  (":first" .
   [5 0 3 0 1 0])
  ("lambda" .
   [0 0 1 0 0 0])
  ("star" .
   [4 0 0 0])
  ("g" .
   [2])
  ("named_scope" .
   [2 0 0 0 0 0 0 0 0 0 0])
  (":limit" .
   [0 0 2 3 2 0])
  (":order" .
   [7 0 1 1 0 0])
  (":kind" .
   [15 0 0 0 0])
  ("grass" .
   [1 0 0 0 0])
  ("CookPrivate" .
   [0 0 0 0 0 0 1 0 0 0 0])
  ("cook_steps" .
   [1 0 0 0 0 0 0 0 0 0])
  ("star_first_cook" .
   [1 0 0 0 0 0 0 0 0 0 0 0 0 0 0])
  ("提取image_key" .
   [0 0 1 0 0 0 0 0 0 0 0])
  (":dishes" .
   [0 0 0 0 1 0 0])
  (":timecategory" .
   [0 0 0 1 0 0 0 0 0 0 0 0 0])
  (":hardcategory" .
   [0 0 0 0 0 1 0 0 0 0 0 0 0])
  (":effectcategory" .
   [0 0 0 0 1 0 0 0 0 0 0 0 1 0 0])
  ("gen_categories" .
   [0 0 0 1 0 0 0 0 0 0 0 0 0 0])
  ("categories" .
   [0 0 2 1 0 0 0 0 0 0])
  (":environment" .
   [0 0 0 1 1 0 0 0 0 0 0 0])
  ("task" .
   [2 0 0 0])
  ("desc" .
   [2 0 0 0])
  ("image" .
   [14 0 0 0 0])
  ("create" .
   [11 0 2 6 2 1])
  ("return" .
   [3 0 18 7 0 0])
  ("error" .
   [1 0 3 1 0])
  ("warn" .
   [2 0 0 0])
  ("Rails" .
   [21 0 2 0 0])
  ("rails" .
   [1 0 0 0 0])
  ("log_end_time" .
   [0 0 0 1 1 0 0 0 0 0 0 0])
  ("start" .
   [5 0 0 0 0])
  ("action_name" .
   [0 0 2 0 0 0 1 0 0 0 0])
  ("debug" .
   [2 0 0 0 0])
  ("logger" .
   [29 0 1 0 1 0])
  ("log_start_time" .
   [0 0 0 0 0 0 2 0 0 0 0 0 0 0])
  ("is" .
   [11 0])
  ("time" .
   [6 0 0 0])
  ("log" .
   [4 0 0])
  ("now" .
   [23 0 0])
  ("Time" .
   [18 0 0 0])
  ("controller" .
   [0 0 0 1 5 0 0 0 0 0])
  ("BenchmarkLog" .
   [0 0 1 0 0 0 0 0 0 0 0 0])
  ("sum" .
   [1 0 0])
  ("items" .
   [5 0 0 0 0])
  ("nil" .
   [14 0 1])
  ("info" .
   [32 0 0 0])
  ("rescue" .
   [2 0 0 5 2 0])
  ("begin" .
   [1 0 7 0 0])
  ("dired-load-hook" .
   [0 0 0 0 0 0 0 0 1 0 0 0 0 0 0])
  ("add-hook" .
   [0 0 0 1 0 0 1 0])
  ("get_reviews" .
   [1 0 0 0 0 0 0 0 0 0 0])
  ("per_page" .
   [0 0 0 1 0 0 0 0])
  (":per_page" .
   [1 0 0 0 3 0 0 0 0])
  ("page" .
   [6 0 0 0])
  ("get_page_order" .
   [0 0 0 0 0 0 0 0 0 0 0 1 0 0])
  ("DESC" .
   [1 0 6 1])
  ("elsif" .
   [4 0 0 0 0])
  ("total_level" .
   [0 0 0 1 0 0 0 0 0 0 0])
  ("type" .
   [2 0 0 1])
  ("created_at" .
   [0 0 11 5 0 1 0 0 0 0])
  (":cate_id" .
   [0 0 0 0 0 0 1 0])
  ("get_page_reviews" .
   [0 0 0 0 0 0 0 0 0 1 0 0 0 0 0 0])
  ("get_all_kind_count" .
   [0 0 0 0 0 1 0 0 0 0 0 0 0 0 0 0 0 0])
  ("good_review_tag_count" .
   [0 0 1 0 0 0 0 0 0 0 0 0 0 0 0 0 0 0 0 0 0])
  ("fooder_review_tag_count" .
   [0 0 0 1 0 0 0 0 0 0 0 0 0 0 0 0 0 0 0 0 0 0 0])
  ("merge" .
   [11 0 4 4 0])
  ("friend_review_tag_count" .
   [0 0 0 0 1 0 0 0 0 0 0 0 0 0 0 0 0 0 0 0 0 0 0])
  (":review_type" .
   [0 0 0 3 1 0 0 0 0 0 0 0])
  (":user_id" .
   [2 0 0 0 0 3 0 0])
  (":" .
   [5])
  ("all_review_tag_count" .
   [0 0 0 0 0 0 1 0 0 0 0 0 0 0 0 0 0 0 0 0])
  ("private" .
   [1 0 5 9 0 0 0])
  ("count_reviews" .
   [0 0 0 0 1 1 2 0 1 0 0 0 0])
  ("get_review_conds" .
   [0 0 0 0 0 0 3 0 0 0 0 0 0 0 0 0])
  (":conditions" .
   [0 0 5 8 3 1 0 0 0 0 0])
  ("user" .
   [13 0 0 0])
  ("delete" .
   [7 0 2 4 1 0])
  ("options" .
   [5 0 44 8 0 0 0])
  ("count" .
   [9 0 1 3 0])
  ("request_url" .
   [0 0 0 1 0 0 0 0 0 0 0])
  ("current_user_id" .
   [0 0 1 0 0 0 0 1 0 0 0 0 0 0 0])
  ("else" .
   [34 0 1 0])
  ("FantongConstant::REVIEW_TAG_TYPE_GOOD" .
   [0 0 0 0 0 0 0 0 0 0 0 0 0 0 0 0 0 0 0 1 0 0 0 0 0 0 0 0 0 0 0 0 0 0 0 0 0])
  ("user_id" .
   [5 0 0 0 5 0 0])
  ("cookies" .
   [0 0 0 0 2 1 0])
  ("get_friend_ids" .
   [0 0 0 0 1 0 0 0 0 0 0 0 0 0])
  ("to_i" .
   [12 0 0 0])
  ("review_type" .
   [0 0 1 1 0 0 0 0 1 0 0])
  ("FantongConstant::CATE_RECORD" .
   [0 0 0 2 0 0 0 0 0 0 0 0 0 0 0 0 0 0 0 0 0 0 0 0 0 0 0 0])
  (":id" .
   [10 0 0])
  ("Review" .
   [1 0 5 2 0 1])
  ("id" .
   [43 0])
  ("first_review" .
   [2 0 0 0 0 0 0 0 0 0 0 0])
  ("16" .
   [1 0])
  ("length" .
   [3 0 3 2 1 0])
  ("channel" .
   [1 0 0 0 0 0 0])
  ("name" .
   [60 0 0 0])
  ("send" .
   [19 0 0 0])
  ("url" .
   [44 0 0])
  ("kind" .
   [27 0 0 0])
  ("content" .
   [26 0 1 1 0 1 0])
  ("link_to_content1" .
   [2 0 0 0 0 0 0 0 0 0 0 0 0 0 0 0])
  ("link_to_content2" .
   [2 0 0 0 0 0 0 0 0 0 0 0 0 0 0 0])
  ("url2" .
   [1 0 0 0])
  ("content2" .
   [2 0 0 0 0 0 0 0])
  (":title" .
   [2 0 0 1 0 0])
  (":alt" .
   [1 0 0 0])
  ("url1" .
   [1 0 0 0])
  ("content1" .
   [1 0 0 0 0 0 0 0])
  ("link_to" .
   [1 0 0 0 1 0 0])
  ("item" .
   [10 0 0 0])
  ("do" .
   [67 0])
  ("while" .
   [0 0 0 0 1])
  ("when" .
   [33 0 0 3])
  ("case" .
   [12 0 0 1])
  ("module" .
   [4 0 1 2 1 0])
  ("<<" .
   [1 0])
  ("if" .
   [99 1])
  ("ruby-program-name" .
   [0 0 0 0 1 0 0 0 0 0 0 0 0 0 0 0 0])
  ("def" .
   [139 0 1])
  ("end" .
   [4 0 7])
  ("class" .
   [30 0 0 3 0])
  ("self" .
   [54 0 2 0])
  ("cate_id" .
   [5 0 0 1 16 1 0])
  ("sql" .
   [1 0 0])
  ("SpecialTopic" .
   [1 0 0 0 0 0 0 0 0 0 0 0])
  ("find_articles_by_sql" .
   [1 0 0 0 0 0 0 0 0 0 0 0 0 0 0 0 0 0 0 0])
  ("i" .
   [3])
  ("params" .
   [3 0 74 32 0 0])
  ("truncate" .
   [1 0 0 0 0 0 0 0])
  (":page" .
   [7 0 0 0 0])
  ("10" .
   [20 0])
  ("true" .
   [17 0 0 2])
  ("cate_path" .
   [2 0 0 0 0 0 0 0 0])
  ("cate" .
   [8 0 0 0])
  ("cate_home_url" .
   [1 0 0 0 0 0 0 0 0 2 0 0 0])
  ("visible" .
   [0 0 0 1 0 0 0])
  ("auto" .
   [1 0 0 1])
  ("77d" .
   [1 0 0])
  ("line" .
   [6 0 0 0])
  ("solid" .
   [4 0 2 0 0])
  ("right" .
   [4 0 0 2 0])
  ("left" .
   [15 0 0 1])
  ("margin-right" .
   [3 0 0 0 0 0 1 0 1 1 0 0])
  ("8px" .
   [5 0 0])
  ("margin-left" .
   [2 0 3 13 0 0 1 0 0 0 0])
  ("padding" .
   [1 0 8 4 0 0 0])
  ("padding-left" .
   [1 0 0 0 0 0 0 0 0 0 1 0])
  ("p" .
   [7])
  ("72px" .
   [0 0 1 0])
  ("consum" .
   [3 0 0 0 0 0])
  ("level" .
   [1 0 0 0 0])
  ("codel" .
   [1 0 0 0 0])
  ("50" .
   [2 0])
  ("100" .
   [6 0 0])
  ("300" .
   [1 0 0])
  ("nums" .
   [1 0 0 0])
  ("code1" .
   [3 0 0 0 0])
  ("raise" .
   [10 0 2 0 0])
  ("consum_month" .
   [1 0 0 0 0 0 0 0 0 0 0 0])
  ("attr_reader" .
   [0 0 0 1 0 0 0 0 0 0 0])
  (":items" .
   [1 0 0 0 0 0])
  ("delete_if" .
   [1 0 0 0 0 0 2 0 0])
  ("quantity" .
   [0 0 1 1 0 0 0 0])
  ("products" .
   [0 0 0 0 1 0 0 0])
  ("product" .
   [0 0 0 0 0 0 1])
  ("Category" .
   [0 0 4 0 4 0 0 0])
  ("as" .
   [1 0])
  ("tree" .
   [1 0 0 0])
  (":name" .
   [21 0 0 0 0])
  ("caipu" .
   [6 0 0 8 1])
  ("assert" .
   [10 0 1 22 1 1])
  (":children" .
   [0 0 0 0 1 0 0 0 0])
  ("chi1" .
   [7 0 0 0])
  ("respond_to?" .
   [0 0 1 1 2 0 0 1 0 0 0])
  (":parent" .
   [0 0 0 0 1 0 0])
  ("children" .
   [0 0 1 8 3 0 0 0])
  ("chi2" .
   [4 0 0 0])
  ("CookCategory" .
   [0 0 3 3 1 0 0 0 0 0 0 0])
  ("find" .
   [34 0 0 0])
  ("菜谱分类" .
   [1 0 0 0])
  ("children_ids" .
   [1 0 0 0 0 0 0 0 0 0 0 0])
  ("include" .
   [1 0 7 12 1 0 0])
  ("parent" .
   [3 0 1 1 0 0])
  ("test" .
   [27 0 0 0])
  ("kouwei" .
   [0 0 0 1 0 0])
  ("cook_category_id" .
   [0 0 0 0 0 1 0 0 0 0 0 0 0 0 0 0])
  ("all" .
   [7 0 0])
  ("dishes" .
   [0 0 0 1 0 0])
  ("status" .
   [0 0 3 6 0 0])
  ("conditions" .
   [2 0 5 3 1 0 0 0 0 0])
  ("unless" .
   [24 0 10 10 0 0])
  ("blank?" .
   [2 0 51 10 0 0])
  ("controller_name" .
   [0 0 0 0 2 0 0 0 0 0 0 0 0 0 0])
  ("con" .
   [1 0 0])
  ("cook_category" .
   [2 0 0 0 0 0 0 1 0 1 0 0 0])
  (":layout" .
   [1 0 0 0 0 0 0])
  ("false" .
   [17 0 2 0 0])
  ("index" .
   [7 0 0 0 0])
  ("split" .
   [5 0 0 0 0])
  ("File" .
   [9 0 0 0])
  ("dirname" .
   [0 0 0 3 0 0 0])
  ("__FILE__" .
   [3 0 1 1 0 0 0 0])
  ("base" .
   [3 0 0 0])
  ("extend" .
   [2 0 0 1 0 0])
  ("InitMethods" .
   [0 0 0 0 1 0 0 0 1 0 0])
  ("ConfigMod" .
   [0 0 1 0 0 0 0 0 0])
  ("image_options" .
   [0 0 0 0 0 2 1 0 1 0 0 0 0])
  ("image_types" .
   [6 0 0 0 0 0 0 0 0 0 0])
  ("load_schema" .
   [0 0 0 0 0 0 1 0 0 0 0])
  ("puts" .
   [66 0 0 0])
  ("bird" .
   [10 0 1 0])
  ("errors" .
   [4 0 5 6 0 0])
  ("on" .
   [3 0])
  (":size" .
   [4 0 0 0 0])
  (":image_types" .
   [0 0 0 0 0 0 1 0 0 0 0 0])
  ("inspect" .
   [12 0 0 2 1 0 0])
  (":add_types" .
   [2 0 0 0 2 0 0 0 0 0])
  ("is_a?" .
   [0 0 1 0 1])
  ("Array" .
   [4 0 1 0 0])
  ("ArgumentError" .
   [0 0 0 1 0 0 0 0 0 0 0 0 0])
  ("should" .
   [1 0 22 19 1 1])
  ("be" .
   [4 0])
  ("hash:" .
   [1 0 0 0 0])
  ("png" .
   [1 0 0])
  ("gif" .
   [2 0 0])
  ("min" .
   [1 0 0])
  ("max" .
   [1 0 0])
  ("validates_for_image" .
   [0 0 0 0 0 0 0 0 0 0 0 0 0 1 0 0 0 0 0])
  ("通不过验证" .
   [1 0 0 0 0])
  ("Bird" .
   [4 0 0 0])
  ("new" .
   [13 0 0])
  (":image_type" .
   [0 0 0 0 0 0 1 0 0 0 0])
  ("!bird" .
   [1 0 0 0 0])
  ("valid?" .
   [1 0 1 0 0 1])
  ("http:" .
   [10 0 0 0 0])
  ("api" .
   [9 0 0])
  ("com" .
   [9 0 0])
  ("storage" .
   [1 0 0 0 0 0 0])
  ("images" .
   [1 0 0 0 0 0])
  ("STORAGE_API" .
   [0 0 2 0 0 0 0 0 0 0 0])
  ("assert_equal" .
   [0 0 0 1 0 0 0 1 1 2 0 0])
  (":storage_api" .
   [0 0 1 1 0 0 0 0 0 0 0 0])
  (":thumbnails" .
   [0 0 0 1 0 0 0 0 0 0 0])
  ("size" .
   [14 0 0 0])
  ("attributes" .
   [0 0 1 8 1 0 0 0 0 0])
  (":type" .
   [1 0 0 0 0])
  (":data" .
   [2 0 0 0 0])
  ("Image" .
   [1 0 0 0 0])
  ("1" .
   [4])
  ("image_type" .
   [2 0 0 0 0 0 0 0 0 0])
  ("image_file" .
   [10 0 0 0 0 0 0 0 0 0])
  (":content_type" .
   [1 0 0 0 0 0 0 0 0 0 0 0 0])
  ("content_type" .
   [1 0 0 0 1 0 0 0 0 0 0 0])
  ("layout" .
   [2 0 0 0 0 0])
  ("usercenter" .
   [0 0 0 0 0 0 1 0 0 0])
  ("cook_materials" .
   [0 0 0 0 0 0 1 0 0 0 0 0 0 0])
  ("select" .
   [5 0 0 0 0 0])
  ("burdens" .
   [1 0 0 0 0 0 0])
  ("get_material" .
   [0 0 0 1 1 0 0 0 0 0 0 0])
  ("ingredients" .
   [0 0 0 1 0 0 0 0 0 0 0])
  ("initialize" .
   [0 0 0 1 0 0 0 0 0 0])
  ("each" .
   [22 0 0 0])
  ("k" .
   [3])
  ("map" .
   [21 0 0])
  ("join" .
   [11 0 0 0])
  ("xml" .
   [88 0 0])
  ("XmlToObj" .
   [0 0 0 3 0 0 0 0])
  ("open_url" .
   [2 0 1 0 1 0 0 0])
  ("Cate" .
   [1 0 0 0])
  ("search" .
   [2 0 0 0 0 0])
  ("happen" .
   [1 0 0 0 0 0])
  ("DateTime" .
   [0 0 0 0 4 0 0 0])
  ("highlighting" .
   [0 0 2 0 0 0 0 0 0 0 0 0])
  ("nil?" .
   [1 0 0 0])
  ("c" .
   [12])
  ("end_time" .
   [7 0 0 0 2 0 0 0])
  ("Xml" .
   [1 0 0])
  ("bid" .
   [2 0 0])
  (":spread" .
   [0 0 0 0 1 0 0])
  ("doc" .
   [6 0 0])
  ("find_first" .
   [0 0 0 1 6 2 1 1 0 0])
  ("spread?" .
   [0 0 0 0 1 0 0])
  ("e" .
   [5])
  ("city" .
   [12 0 0 0])
  ("cityletter" .
   [0 0 2 0 0 0 0 0 0 0])
  ("City" .
   [3 0 0 0])
  ("to_query" .
   [0 0 0 1 1 1 0 0])
  ("var" .
   [35 0 0])
  ("width" .
   [13 0 0 2 0])
  ("height" .
   [2 0 2 2 1 0])
  ("caption" .
   [0 0 0 2 1 0 0])
  ("modal" .
   [4 0 0 0 0])
  ("model" .
   [1 0 0 0 1])
  ("popBubble" .
   [0 0 0 1 0 0 0 0 0])
  ("imgLoader" .
   [1 0 0 0 0 0 0 0 0])
  ("img" .
   [1 0 0])
  ("to_json" .
   [4 0 0 0 0 0 0])
  ("d" .
   [9])
  ("AREA" .
   [0 0 1 0])
  ("区域" .
   [1 0])
  ("地铁沿线" .
   [1 0 0 0])
  ("SUIT" .
   [1 0 0 0])
  ("适合用途" .
   [1 0 0 0])
  ("菜系" .
   [1 0])
  ("font-size" .
   [4 0 0 2 4 1 0 0 0])
  ("line-height" .
   [0 0 0 0 1 1 0 0 0 0 0])
  ("position" .
   [0 0 2 1 1 0 0 0])
  ("top" .
   [2 0 0])
  ("plog" .
   [1 0 0 0])
  ("nlog" .
   [1 0 0 0])
  ("color" .
   [8 0 0 0 0])
  ("cursor" .
   [0 0 1 1 0 0])
  ("pointer" .
   [0 0 0 2 0 0 0])
  ("display" .
   [0 0 2 6 1 0 0])
  ("block" .
   [1 0 2 3 0])
  ("text-decoration" .
   [0 0 0 1 3 0 1 0 0 0 0 0 0 0 0])
  ("find_by_letter" .
   [0 0 0 0 0 0 0 0 0 1 0 0 0 0])
  (":cityname" .
   [0 0 0 2 0 0 0 0 0])
  (":cityid" .
   [2 0 0 0 0 0 0])
  ("validates_presence_of" .
   [0 0 1 0 1 0 0 0 0 0 0 0 0 1 0 0 0 0 0 0 0])
  ("or" .
   [20 0])
  ("Areamap" .
   [0 0 0 0 0 1 0])
  ("sub" .
   [1 0 0])
  ("to_f" .
   [6 0 0 0])
  ("html" .
   [6 0 0 0])
  ("qtags" .
   [1 0 0 0 0])
  ("get_bread_q" .
   [0 0 0 1 1 0 1 0 0 0 0])
  ("bq" .
   [5 0])
  (":areacode" .
   [0 0 0 2 1 0 0 0 0])
  ("tag_value" .
   [1 0 0 0 1 1 0 0 0])
  ("tag_id" .
   [2 0 0 0 0 0])
  (":q" .
   [2 0])
  ("list" .
   [1 0 0 0])
  ("substring" .
   [1 0 0 1 0 0 0 0 0])
  ("fill-column" .
   [0 0 0 1 7 0 0 1 0 0 0])
  ("concat" .
   [1 0 0 2 0 1])
  ("setq" .
   [11 0 0 0])
  ("jim" .
   [4 0 0])
  ("counter" .
   [9 0 0 0 0 0 0])
  ("cc" .
   [3 0])
  ("open" .
   [12 0 0 0])
  ("raw_file" .
   [1 0 0 0 0 0 0 0])
  ("file" .
   [1 0 0 0])
  ("国际品牌" .
   [1 0 0 0])
  ("next" .
   [2 0 0 0])
  ("国内品牌" .
   [0 0 1 0])
  (":companyid" .
   [0 0 0 0 1 0 0 0 0 0])
  (":htmlname" .
   [0 0 0 0 0 1 0 0 0])
  ("spice" .
   [3 0 0 0 0])
  ("Date" .
   [2 0 0 0])
  ("today" .
   [2 0 0 0 0])
  (":db" .
   [3 0 0])
  ("500" .
   [2 0 0])
  ("countlimit" .
   [1 0 0 0 0 0 0 0 0 0])
  ("N2C" .
   [2 0 0])
  ("keys" .
   [1 0 0 0])
  ("fetch" .
   [1 0 0 0 0])
  ("inject" .
   [1 0 0 0 1 0])
  ("category" .
   [1 0 2 0 0 0 0 0])
  ("c2n" .
   [2 0 0])
  ("dishmenuid" .
   [0 0 1 0 0 0 0 0 0 0])
  ("dishmenuname" .
   [0 0 0 1 0 0 0 0 0 0 0 0])
  ("C2N" .
   [1 0 0])
  ("from" .
   [1 0 0 0])
  ("cons" .
   [11 0 0 0])
  ("suit" .
   [1 0 0 0])
  (":suitcode" .
   [0 0 0 2 1 0 0 0 0])
  ("cuisine" .
   [2 0 0 0 0 0 0])
  (":cuisinecode" .
   [0 0 0 3 0 0 0 0 0 0 0 0])
  ("subwaycode" .
   [1 0 0 0 0 0 0 0 0 0])
  (":subwaycode" .
   [0 0 0 1 0 1 0 0 0 0 0])
  ("raw_kind" .
   [1 0 0 0 0 0 0 0])
  ("cuisine_code" .
   [1 0 0 0 0 0 0 0 0 0 0 0])
  (":collection" .
   [4 0 0 0 0 1 0 0 0 0 0])
  (":get" .
   [4 0 0 0])
  ("ApplicationHelper" .
   [0 0 2 0 0 0 0 0 0 0 0 0 0 0 0 0 0])
  ("ensure" .
   [0 0 0 1 0 0])
  ("ERROR" .
   [1 0 0 0 0])
  ("interface" .
   [1 0 0 0 0 0 0 0 0])
  (":url:" .
   [1 0 0 0 0])
  ("raw_url" .
   [5 0 0 1 0 0 0])
  ("uri" .
   [2 0 0])
  ("Exception" .
   [0 0 1 1 3 0 0 0 0])
  ("exceptions" .
   [0 0 1 0 0 0 0 0 0 0])
  ("e_num" .
   [3 0 0 1 0])
  ("URI" .
   [8 0 0])
  ("encode" .
   [4 0 0 1 0 0])
  ("retry" .
   [1 0 0 1 0])
  ("retry_num" .
   [0 0 0 0 0 2 0 0 0])
  ("t" .
   [7])
  ("net" .
   [1 0 0])
  ("parse" .
   [3 0 1 0 0])
  ("raw_xml" .
   [4 0 0 0 0 0 0])
  ("Net::HTTP" .
   [1 0 0 2 0 0 0 0 0])
  ("http" .
   [2 0 0 0])
  ("res" .
   [15 0 0])
  ("transfer_utf" .
   [1 0 0 0 0 0 0 0 0 0 0 0])
  ("Iconv" .
   [2 0 0 0 0])
  ("conv" .
   [1 0 0 0])
  ("utf" .
   [2 0 0])
  ("gb2312" .
   [2 0 0 0 0 0])
  ("22px" .
   [2 0 0 0])
  ("navt" .
   [1 0 0 0])
  ("30px" .
   [2 0 0 0])
  ("bignav" .
   [1 0 0 0 0 0])
  ("relative" .
   [0 0 1 1 0 0 0 0])
  ("header" .
   [0 0 0 1 0 0])
  ("100%" .
   [1 0 1 2])
  ("site-nav-title" .
   [0 0 0 0 1 1 0 0 0 0 0 0 0 0])
  ("db-nav-main" .
   [0 0 1 1 0 0 0 0 0 0 0])
  ("site-nav-items" .
   [0 0 0 0 2 0 0 0 0 0 0 0 0 0])
  ("padding-top" .
   [2 0 0 0 0 0 0 0 0 0 0])
  ("12px" .
   [1 0 0 0])
  ("20px" .
   [4 0 0 0])
  ("border" .
   [1 0 0 1 0 0])
  ("dashed" .
   [0 0 0 1 0 0])
  ("10px" .
   [2 0 0 0])
  ("show" .
   [1 0 0 0])
  ("tuan_promoters" .
   [0 0 0 0 2 0 0 0 0 0 0 0 0 0])
  ("TuanPromoter" .
   [0 0 1 1 0 0 0 0 0 0 0 0])
  ("paginate" .
   [0 0 0 1 0 0 0 0])
  ("14px" .
   [1 0 0 0])
  ("bold" .
   [2 0 0 0])
  ("bottom" .
   [0 0 0 1 0 0])
  ("bd" .
   [1 0])
  ("underline" .
   [0 0 0 0 0 1 0 0 0])
  ("filladapt" .
   [0 0 0 1 1 0 0 0 0])
  ("set-default" .
   [0 0 0 0 1 0 0 0 0 0 0])
  ("text-mode-hook" .
   [0 0 0 0 1 0 0 0 0 0 0 0 0 0])
  ("is_succ" .
   [0 0 0 0 1 0 0])
  ("detail" .
   [3 0 0 1 0 1])
  ("tuan_order" .
   [1 0 0 0 0 0 0 0 0 0])
  ("state" .
   [15 0 0 0 0])
  ("pay" .
   [1 0 0])
  ("yesterday" .
   [0 0 1 2 0 1 0 0 0])
  (":address" .
   [0 0 0 0 1 0 0 0])
  (":phone" .
   [1 0 0 0 0 0])
  ("belongs_to" .
   [1 0 0 0 0 0 0 0 0 0])
  (":ticket_coupon_id" .
   [0 0 0 0 0 0 1 1 0 0 1 0 0 0 0 0 0])
  ("send_out" .
   [6 0 0 0 0 0 0 0])
  ("query" .
   [2 0 1 0 0])
  ("city_id" .
   [2 0 0 0 0 0 0])
  ("phone" .
   [1 0 0 0 0])
  ("delegate" .
   [1 0 0 1 0 0 0 0])
  (":to" .
   [2 0 0])
  (":ticket" .
   [1 0 0 0 0 0 0])
  (":series_num" .
   [0 0 0 0 1 0 0 0 0 0 0])
  (":ticket_coupon" .
   [0 0 0 1 0 0 0 0 0 0 0 0 0 0])
  (":secret" .
   [0 0 0 0 1 0 0])
  (":expire_at" .
   [0 0 0 1 0 0 0 0 0 0])
  ("cate_address" .
   [0 0 0 0 0 0 1 1 0 0 0 0])
  ("感谢购买" .
   [0 0 1 0])
  ("title" .
   [10 0 1 0 0])
  ("series_num" .
   [0 0 1 0 0 0 0 0 0 0])
  ("secret" .
   [0 0 0 1 0 0])
  ("有效期至" .
   [0 0 2 0])
  ("expire_at" .
   [0 0 5 0 0 0 0 0 0])
  ("cate_phone" .
   [0 0 0 0 0 0 1 0 0 0])
  ("increment" .
   [0 0 0 1 0 0 0 0 0])
  ("increment!" .
   [1 0 0 1 0 0 0 0 0 0])
  (":send_num" .
   [0 0 0 0 0 1 0 0 0])
  ("has_many" .
   [0 0 0 1 0 1 0 0])
  (":class_name" .
   [1 0 0 0 1 0 1 0 0 0 0])
  ("TicketSms" .
   [0 0 0 1 0 0 1 0 0])
  ("coupon" .
   [18 0 1 1 0 0])
  ("paid?" .
   [1 0 0 0 0])
  ("sms" .
   [1 0 0])
  (":ticket_order" .
   [0 0 0 0 0 2 0 0 0 0 0 0 0])
  ("sm" .
   [1 0])
  ("ticket_coupon_id" .
   [0 0 1 0 0 0 0 0 0 0 0 0 0 0 0 0])
  ("times" .
   [5 0 0 0 0])
  ("val" .
   [5 0 0])
  ("yield" .
   [1 0 0 0 0])
  (":on" .
   [1 0 0])
  ("Rubber" .
   [2 0 0 0 0 0])
  ("trytime" .
   [4 0 0 0 0 0 0])
  ("timeout" .
   [2 0 0 0 0 0 0])
  ("Occure" .
   [0 0 1 0 0 0])
  ("shtml00" .
   [1 0 0 0 0 0 0])
  ("close_trades" .
   [0 0 0 0 0 1 0 0 0 0 0 0])
  ("order" .
   [17 0 0 0 0])
  ("ticket" .
   [3 0 0 0 1 0])
  ("sold_out?" .
   [0 0 2 1 1 0 0 0 0])
  ("expired?" .
   [0 0 0 1 0 0 0 0])
  ("healthy?" .
   [0 0 0 0 1 0 0 0])
  ("remote_ip" .
   [0 0 0 0 0 0 1 0 0])
  (":admin_state" .
   [0 0 0 2 0 0 0 0 0 0 0 0])
  (":map_tag" .
   [0 0 0 2 1 1 0 0])
  ("rubygems" .
   [1 0 0 0 0 0 0 0])
  ("UnionPvipPool" .
   [0 0 1 1 0 0 0 0 0 0 0 0 0])
  ("set_table_name" .
   [0 0 0 1 0 0 0 0 0 0 0 0 0 0])
  (":tuan_union_order_pools" .
   [0 0 0 0 1 0 0 0 0 0 0 0 0 0 0 0 0 0 0 0 0 0 0])
  (":cid" .
   [4 0 0 0])
  (":sid" .
   [2 0 0 0])
  ("resources" .
   [1 0 0 0 0 0 0 0 0])
  ("Object" .
   [1 0 0 0 0 0])
  ("Test::Unit::TestCase" .
   [0 0 0 1 0 0 0 0 0 0 0 0 0 0 0 0 0 0 0 0])
  ("attr_accessor" .
   [0 0 0 4 0 0 0 0 0 0 0 0 0])
  ("attrs" .
   [18 0 0 0 0])
  ("goose_validate" .
   [1 0 0 0 0 1 0 1 1 0 0 0 0 0])
  ("can" .
   [3 0 0])
  (":cmdno" .
   [1 0 0 0 0 0])
  (":date" .
   [1 0 0 0 0])
  (":bank_type" .
   [0 0 1 0 0 0 0 0 0 0])
  (":desc" .
   [1 0 0 0 0])
  (":bargainor_id" .
   [0 0 1 0 0 0 0 0 0 0 0 0 0])
  (":transaction_id" .
   [0 0 1 1 0 0 0 0 0 0 0 0 0 0 0])
  (":sp_billno" .
   [0 0 0 2 0 0 0 0 0 0])
  ("goose_validate_presence_of" .
   [0 0 1 0 0 0 1 0 0 0 0 0 0 0 0 0 0 0 0 0 0 0 0 0 0 0])
  (":total_fee" .
   [0 0 0 1 1 0 0 0 0 0])
  (":fee_type" .
   [0 0 0 1 3 0 0 0 0])
  (":spbill_create_ip" .
   [0 0 0 1 0 0 0 0 0 0 0 0 0 0 0 0 0])
  ("test_validates_prensence" .
   [0 0 0 0 0 1 0 0 0 0 0 0 0 0 0 0 0 0 0 0 0 0 0 0])
  ("get" .
   [13 0 0])
  ("include?" .
   [8 0 0 0 1 0 0 0])
  ("cmdno" .
   [3 0 0 0 0])
  ("total_fee" .
   [1 0 2 2 0 2 0 0 0])
  ("return_url" .
   [0 0 0 1 0 0 0 0 0 0])
  ("post" .
   [14 0 0 0])
  ("can_not_blank" .
   [0 0 0 0 0 0 0 2 0 0 0 0 0])
  ("test_validates_format" .
   [0 0 0 0 0 0 0 0 0 0 1 0 0 0 0 0 0 0 0 0 0])
  ("transaction_id" .
   [0 0 4 0 0 0 0 0 0 0 0 0 0 0])
  ("格式错误" .
   [3 0 0 0])
  (":with" .
   [2 0 0 0 0])
  (":msg" .
   [4 0 0 0])
  (":allow_blank" .
   [0 0 0 3 2 0 0 0 0 0 0 0])
  ("0" .
   [3])
  ("9" .
   [4])
  ("8" .
   [1])
  ("break" .
   [1 0 0 0 0])
  ("m" .
   [2])
  ("transaction_id_error_msg" .
   [0 0 3 0 0 0 0 0 0 0 0 0 0 0 0 0 0 0 0 0 0 0 0 0])
  ("total_fee_error_msg" .
   [0 0 2 0 0 0 0 0 0 0 0 0 1 0 0 0 0 0 0])
  ("test_validates_length" .
   [0 0 0 0 0 0 0 1 0 0 0 0 0 0 0 0 0 0 0 0 0])
  ("sp_billno" .
   [0 0 0 1 1 0 0 0 0])
  ("Hash" .
   [2 0 0 0])
  ("parse_options" .
   [0 0 1 0 0 0 0 1 0 0 0 0 0])
  ("长度错误" .
   [1 0 1 0])
  ("max_length" .
   [0 0 0 0 0 0 2 0 0 0])
  ("attr_length" .
   [0 0 0 0 0 1 1 0 0 0 0])
  ("min_length" .
   [0 0 0 0 0 0 1 0 0 0])
  ("goose_validate_length_of" .
   [0 0 0 1 0 0 0 0 0 0 0 0 0 0 0 0 0 0 0 0 0 0 0 0])
  (":max_length" .
   [0 0 0 1 0 0 0 0 0 0 0])
  ("应该在28个字符内" .
   [0 0 1 0 0 0 0 0 0])
  ("goose_validate_format_of" .
   [0 0 0 1 0 0 0 0 0 0 0 0 0 0 0 0 0 0 0 0 0 0 0 0])
  ("a" .
   [5])
  ("fee_type" .
   [1 0 1 5 0 0 0 0])
  ("fee_type_error_msg" .
   [0 0 0 0 0 0 0 0 0 1 1 0 0 0 0 0 0 0])
  ("!last_response" .
   [0 0 0 1 0 0 0 0 0 0 0 0 0 0])
  ("kv" .
   [4 0])
  (":final" .
   [0 0 0 1 1 0])
  ("red_text" .
   [2 0 0 0 0 0 0 0])
  ("s:" .
   [1 0])
  ("notify_res" .
   [3 0 3 1 1 0 0 0 0 0])
  ("log_notify" .
   [0 0 0 0 0 2 1 0 0 0])
  ("POST" .
   [3 0 0 0])
  ("GET" .
   [3 0 0])
  ("Magpie" .
   [0 0 1 0 0 0])
  ("log_errors" .
   [0 0 0 0 1 0 0 1 0 0])
  ("notify_url" .
   [3 0 0 0 0 0 0 0 0 0])
  ("method" .
   [6 0 0 0 0 0])
  ("notify" .
   [1 0 0 0 0 0])
  ("Logger" .
   [1 0 0 0 0 0])
  ("ENV" .
   [1 0 0])
  ("magpie" .
   [1 0 0 0 0 0])
  ("team" .
   [68 0 2 0])
  ("tuan" .
   [39 0 0 0])
  ("fantong" .
   [6 0 0 0 0 0 0])
  ("short_title" .
   [0 0 0 0 1 0 1 0 0 0 0])
  ("price" .
   [9 0 0 0 0])
  ("start_date" .
   [0 0 1 0 2 0 0 0 0 0])
  ("end_date" .
   [3 0 0 0 0 0 0 0])
  ("tipping_point" .
   [0 0 2 0 0 0 0 0 0 0 0 0 0])
  ("quantity_sold" .
   [0 0 2 0 0 0 0 0 0 0 0 0 0])
  ("deal_type" .
   [0 0 0 0 1 0 0 0 0])
  ("max_order" .
   [0 0 1 1 0 0 0 0 0])
  ("address" .
   [0 0 0 2 0 0 0])
  ("tel" .
   [2 0 0])
  ("fine_print" .
   [0 0 0 2 0 0 0 0 0 0])
  ("highlights" .
   [0 0 2 0 0 0 0 0 0 0])
  ("first" .
   [8 0 0 0 0])
  ("code_mine" .
   [1 0 0 0 0 1 0 0 0])
  (":kx_order_id" .
   [0 0 1 1 0 0 0 0 0 0 0 0])
  ("rand" .
   [2 0 0 0])
  (":user_mobile" .
   [0 0 0 0 0 0 0 0 1 0 0 0])
  (":rebate" .
   [1 0 0 0 0 0 0])
  (":options" .
   [0 0 0 1 0 0 0 0])
  ("express" .
   [1 0 0 0 0 0 0])
  ("post_form" .
   [2 0 0 0 0 0 0 0 0])
  ("form_data" .
   [2 0 2 3 1 0 0 0 0])
  ("t_id" .
   [2 0 0 0])
  ("test_order" .
   [1 0 0 0 0 0 0 0 0 0])
  (":urlset" .
   [1 0 0 0 0 0 0])
  ("today_tuans" .
   [2 0 0 0 0 1 0 0 0 0 0])
  ("build_xml" .
   [0 0 0 1 0 0 0 0 0])
  ("hash_to_xml" .
   [2 0 0 1 1 0 0 0 0 0 0])
  ("vv" .
   [4 0])
  ("ename" .
   [2 0 0 0 0])
  ("begin_time" .
   [2 0 6 0 1 0 1 1 0 0])
  ("category_name" .
   [0 0 0 0 0 0 0 1 0 0 0 0 0])
  ("2f" .
   [4 0])
  ("market_price" .
   [0 0 0 3 0 1 0 0 0 0 0 0])
  ("team_price" .
   [2 0 1 0 0 0 0 0 0 0])
  ("1f" .
   [2 0])
  ("discount" .
   [1 0 1 3 0 0 0 0])
  ("summary" .
   [0 0 0 0 1 0 0])
  ("now_number" .
   [0 0 0 3 4 0 0 0 0 0])
  ("max_number" .
   [0 0 2 3 2 1 0 0 0 0])
  ("min_number" .
   [0 0 0 0 1 0 0 0 0 0])
  ("yes" .
   [7 0 0])
  ("no" .
   [8 0])
  ("soldout" .
   [1 0 2 1 0 0 0])
  ("soldout?" .
   [3 0 3 0 0 0 0 0])
  ("expire_time" .
   [0 0 1 0 0 0 0 0 0 0 0])
  ("H:" .
   [3 0])
  ("M:" .
   [3 0])
  ("CDATA!" .
   [0 0 2 0 0 0])
  ("notice" .
   [1 0 0 0 0 0])
  ("美食" .
   [1 0])
  ("issue" .
   [17 0 0 0 0])
  ("Refundissue" .
   [0 0 0 5 1 0 0 0 0 0 0])
  (":refundissues" .
   [0 0 0 1 0 0 0 0 0 0 0 0 0])
  ("finance_confirm_time" .
   [0 0 0 2 0 0 0 0 0 0 0 0 0 0 0 0 0 0 0 0])
  (":financing" .
   [0 0 0 2 1 0 0 0 0 0])
  ("refundissue" .
   [0 0 0 1 0 0 0 0 0 0 0])
  (":refundissue" .
   [0 0 0 2 1 0 0 0 0 0 0 0])
  ("fixed_buy_num?" .
   [0 0 0 0 0 1 0 0 0 0 0 0 0 0])
  ("sold_over?" .
   [0 0 1 0 0 1 0 0 0 0])
  ("max_num" .
   [1 0 0 0 0 0 0])
  ("td" .
   [2 0])
  ("menu" .
   [1 0 0 0])
  ("4px" .
   [4 0 0])
  (":message" .
   [2 0 0 0 0 3 0 0])
  ("jl" .
   [2 0])
  ("business_confirmed?" .
   [0 0 0 1 0 0 0 0 0 0 0 0 0 0 0 0 0 0 0])
  ("Cooperation" .
   [1 0 3 0 0 0 0 0 0 0 0])
  ("fantuan" .
   [1 0 0 0 0 0 0])
  ("find_by_Cooperation_name" .
   [0 0 0 0 0 1 0 0 1 0 0 0 0 0 0 0 0 0 0 0 0 0 0 0])
  (":cp" .
   [2 0 0])
  (":post" .
   [2 0 0 0 0])
  ("add" .
   [3 0 0])
  ("ID" .
   [3 0])
  ("cp" .
   [7 0])
  ("create!" .
   [1 0 0 0 0 0 0])
  ("Cooperation_name" .
   [0 0 1 0 0 0 0 0 0 0 0 0 0 0 0 0])
  ("coupon_nos" .
   [1 0 0 0 0 0 0 0 0 0])
  ("refund_coupons" .
   [3 0 0 0 0 0 0 2 1 0 0 0 0 0])
  (":order_id" .
   [1 0 0 0 0 0 0 0 0])
  ("refund_order" .
   [2 0 0 0 0 0 0 0 0 0 0 0])
  ("TuanOrder" .
   [1 0 1 0 0 0 0 0 0])
  ("find_by_pay_id" .
   [0 0 0 0 0 0 0 2 0 0 0 0 0 0])
  ("TuanAccount" .
   [0 0 0 0 1 0 0 0 0 0 0])
  ("find_by_user_id" .
   [0 0 0 0 0 0 0 0 1 0 0 0 0 0 0])
  ("credit" .
   [1 0 0 1 0 0])
  (":money" .
   [0 0 0 1 0 0])
  ("refunded_num" .
   [2 0 0 0 0 0 0 0 0 0 0 0])
  (":default" .
   [0 0 0 0 1 0 0 0])
  ("ARGV" .
   [0 0 0 1])
  ("test_deal" .
   [0 0 0 0 0 0 1 0 0])
  ("404" .
   [3 0 0])
  ("TuanTeam" .
   [1 0 1 0 1 0 1 0])
  ("small_image_url" .
   [0 0 1 0 0 1 0 0 0 0 0 0 0 0 0])
  ("large_image_url" .
   [1 0 0 0 0 1 0 0 0 0 0 0 0 0 0])
  ("find_by_no" .
   [0 0 0 0 0 0 0 1 0 0])
  ("center" .
   [2 0 0 0 0 0])
  ("margin-bottom" .
   [0 0 1 0 0 0 0 0 0 0 0 0 0])
  ("s-content" .
   [1 0 0 3 1 0 0 0 0])
  ("label" .
   [3 0 0 0 0])
  ("8em" .
   [1 0 0])
  ("input" .
   [1 0 0 0 0])
  ("6px" .
   [2 0 0])
  ("text-indent" .
   [0 0 0 0 0 0 0 2 0 0 0])
  (":thumb" .
   [0 0 0 0 1 0])
  (":medium" .
   [1 0 0 0 0 1 0])
  ("wap_url" .
   [1 0 0 0 0 0 0])
  ("medium_image_url" .
   [0 0 0 0 1 0 0 0 0 0 0 0 0 0 0 0])
  (":long" .
   [1 0 0 0 0])
  ("end?" .
   [4 0 0 0])
  ("close" .
   [2 0 0 0 0])
  ("ali" .
   [1 0 0])
  ("阿里饭团api" .
   [0 0 1 0 0 0 0])
  (":tuanp" .
   [1 0 0 0 0 0])
  ("urlset" .
   [1 0 0 0 0 0])
  ("each_with_index" .
   [0 0 0 0 0 0 0 1 0 0 0 0 0 0 0])
  ("loc" .
   [1 0 0])
  ("饭团" .
   [1 0])
  ("data" .
   [5 0 0 0])
  ("site" .
   [1 0 0 0])
  (":hao123" .
   [1 0 0 0 0 0 0])
  ("hao123" .
   [2 0 0 0 0 0])
  ("coupon_num" .
   [1 0 0 0 0 0 0 0 0 0])
  ("yewu_money" .
   [1 0 1 1 0 0 0 0 0 0])
  ("techo" .
   [1 0 0 0 0])
  (":edit" .
   [1 0 0 0 0])
  ("role" .
   [2 0 0 0])
  ("caiwu" .
   [2 0 0 0 0])
  ("User" .
   [4 0 0 0])
  ("request" .
   [1 0 0 3 0 0 0])
  ("can_buy?" .
   [0 0 0 3 0 0 0 0])
  (":end_time" .
   [0 0 0 0 1 1 0 0 0])
  ("start?" .
   [1 0 0 0 0 0])
  ("zeng" .
   [2 0 0 0])
  ("Zeng" .
   [3 0 0 0])
  ("deliver" .
   [0 0 0 0 1 0 0])
  ("current_teams" .
   [0 0 2 1 0 0 0 0 0 0 0 1 0])
  ("current_city" .
   [0 0 3 0 0 0 0 0 0 0 0 0])
  ("filename" .
   [1 0 0 1 1 0 0 0])
  ("each_line" .
   [1 0 0 0 0 0 0 0 0])
  ("f_f" .
   [3 0 0])
  ("1415" .
   [1 0 0 0])
  ("find-library-name" .
   [0 0 1 0 0 0 0 0 0 0 0 0 0 0 0 0 0])
  ("set-fill-column" .
   [0 0 0 0 0 0 0 0 0 0 0 1 0 0 0])
  ("set" .
   [1 0 0])
  ("rose" .
   [1 0 0 0])
  ("violet" .
   [1 0 0 0 0 0])
  ("flowers" .
   [1 0 0 0 0 0 0])
  ("carnivores" .
   [0 0 0 0 1 0 0 0 0 0])
  ("trees" .
   [1 0 0 0 0])
  ("current-buffer" .
   [0 0 0 0 0 0 0 0 0 0 1 0 0 0])
  ("other-buffer" .
   [0 0 0 0 0 1 0 0 0 0 1 0])
  ("switch-to-buffer" .
   [0 0 0 1 0 0 0 0 0 0 0 0 0 0 0 0])
  ("buffer-size" .
   [1 0 0 0 0 0 0 0 1 0 0])
  ("point" .
   [10 0 0 0 0])
  ("defun" .
   [6 0 0 0 0])
  ("number" .
   [2 0 0 0 0 0])
  ("multiply-by-seven" .
   [0 0 0 0 0 0 0 0 1 0 0 0 0 0 0 0 0])
  ("NUMBER" .
   [0 0 0 0 1 0])
  ("by" .
   [1 0])
  ("seven" .
   [1 0 0 0 0])
  ("interactive" .
   [0 0 0 0 0 0 1 0 0 0 0])
  ("The" .
   [1 0 0])
  ("let" .
   [2 0 0])
  ("zebra" .
   [1 0 0 1 0])
  ("tiger" .
   [2 0 0 0 0])
  ("equal" .
   [1 0 0 0 0])
  ("type-of-animal" .
   [0 0 0 0 0 0 0 0 1 1 0 0 0 0])
  ("fierce" .
   [1 0 0 0 1 0])
  ("greater" .
   [1 0 0 1 0 0 0])
  ("than" .
   [2 0 0 0])
  ("This" .
   [3 0 0 0])
  ("chars" .
   [1 0 0 0 0])
  ("foo" .
   [1 0 0])
  ("bar" .
   [1 0 0])
  ("w" .
   [1])
  ("into" .
   [1 0 0 0])
  ("buffer." .
   [1 0 0 0 0 0 0])
  ("save-excursion" .
   [0 0 0 0 0 0 0 1 0 0 0 0 0 0])
  ("goto-char" .
   [0 0 0 0 0 0 1 1 0])
  ("point-min" .
   [4 0 0 0 0 0 0 0 0])
  ("emacs-major-version" .
   [0 0 0 1 0 1 0 0 1 0 0 0 0 0 0 0 0 0 0])
  ("version" .
   [2 0 0 0 0 0 0])
  ("Emacs" .
   [1 0 0 0 0])
  ("Function" .
   [0 0 1 0 0 0 0 0])
  ("function" .
   [0 0 12 7 0 0 0 0])
  ("publisher" .
   [0 0 2 2 0 0 0 0 0])
  ("prototype" .
   [0 0 0 1 0 0 0 0 0])
  ("Yahoo" .
   [1 0 0 0 0])
  ("book1" .
   [4 0 0 0 0])
  ("book2" .
   [2 0 0 0 0])
  ("print" .
   [3 0 0 0 0])
  ("sayTitle" .
   [0 0 0 1 0 0 0 0])
  ("messages" .
   [2 0 0 0 6 0 0 0])
  ("home" .
   [3 0 0 0])
  ("stream" .
   [2 0 1 0 0 0])
  ("authenticated" .
   [0 0 3 2 0 0 0 0 0 0 0 0 0])
  ("logout" .
   [4 0 0 0 0 0])
  ("assert_redirected_to" .
   [0 0 0 4 0 0 0 0 0 1 0 0 0 0 0 0 0 0 0 0])
  ("root_path" .
   [4 0 0 0 0 0 0 0 0])
  ("nancy" .
   [7 0 2 0 0])
  ("find_by_username" .
   [0 0 0 0 0 0 0 1 0 0 0 0 0 0 0 0])
  ("username" .
   [2 0 1 0 1 0 0 0])
  ("exist" .
   [1 0 0 1 0])
  (":user" .
   [1 0 0 0 0])
  ("wutuobang" .
   [0 0 0 0 0 1 0 0 0])
  ("login" .
   [4 0 0 0 0])
  (":new" .
   [2 0 0 0])
  ("new_session_path" .
   [0 0 0 0 0 3 1 0 0 0 0 0 0 0 0 0])
  (":body" .
   [2 0 0 0 0])
  ("assert_no_difference" .
   [0 0 0 1 0 0 0 0 0 0 0 0 0 0 0 0 0 0 0 0])
  ("Message" .
   [1 0 0 0 2 0 0])
  (":create" .
   [3 0 0 0 0 0 0])
  ("home_path" .
   [3 0 0 0 0 1 0 0 0])
  ("assigns" .
   [0 0 0 2 1 0 0])
  ("said_by?" .
   [1 0 0 0 0 0 0 0])
  ("assert_select" .
   [1 0 0 0 0 0 0 0 0 0 0 0 0])
  ("location" .
   [3 0 8 4 1 0 0 0])
  (":forward" .
   [0 0 0 5 0 0 0 0])
  ("default" .
   [0 0 0 0 1 0 0])
  ("forward_or_redirect_to" .
   [0 0 1 0 0 0 0 0 0 0 0 0 0 0 0 0 0 0 0 0 0 0])
  ("has" .
   [1 0 0])
  ("logined" .
   [1 0 0 0 0 0 0])
  (":destroy" .
   [0 0 0 1 0 0 0 0])
  ("assert_not" .
   [1 0 0 0 0 0 0 0 0 0])
  ("follow" .
   [3 0 0 0 0 0])
  ("nancy_follow_kame" .
   [0 0 0 0 0 0 0 0 1 0 0 0 0 0 0 0 0])
  ("Follow" .
   [6 0 1 0 0 0])
  (":star_id" .
   [1 0 0 4 0 1 0 0])
  ("kame" .
   [5 0 0 0])
  (":fans_id" .
   [3 0 0 0 0 0 0 0])
  ("stream_path" .
   [0 0 0 0 0 0 0 1 0 0 0])
  (":star_name" .
   [1 0 0 0 0 0 0 0 0 0])
  (":unfollow" .
   [0 0 0 1 0 0 0 0 0])
  ("unfollow" .
   [0 0 0 1 1 0 0 0])
  ("setup" .
   [0 0 0 1 0])
  ("to" .
   [1 0])
  ("/home/jim/otp_r14b02/" .
   [0 0 0 0 0 0 0 0 0 0 0 0 1 1 0 1 0 0 0 0 0])
  ("/home/jim/otp_r14b02/lib/tools-2.6.6.3/" .
   [0 0 0 0 0 0 0 0 0 0 0 0 0 0 0 0 0 0 0 0 0 0 0 0 0 0 0 0 1 0 0 0 0 0 0 0 0 0 0])
  ("/home/jim/otp_r14b02/lib/tools-2.6.6.3/emacs/" .
   [0 0 0 0 0 0 0 0 0 0 0 0 0 0 0 0 0 0 0 0 0 0 0 0 0 0 0 0 0 0 0 0 0 0 0 0 0 0 0 0 0 0 1 0 0])
  ("l" .
   [1])
  ("exec-path" .
   [1 0 1 0 0 0 0 0 0])
  ("/home/jim/otp_r14b02/bin/" .
   [0 0 0 0 0 0 0 0 0 0 0 0 0 0 0 0 0 0 0 0 0 0 0 0 1])
  ("sinatra" .
   [0 0 0 1 0 0 0])
  (":test" .
   [1 0 0 0 0])
  ("gem" .
   [2 0 0])
  ("bh" .
   [6 0])
  ("haml" .
   [1 0 0 0])
  ("Api::DouBan" .
   [0 0 1 1 0 1 0 0 0 0 0])
  ("javascript" .
   [0 0 1 0 1 0 0 0 0 0])
  ("books_xml" .
   [0 0 0 0 0 3 0 0 0])
  ("String" .
   [2 0 0 0 0 0])
  ("subjects" .
   [1 0 0 0 0 0 0 0])
  ("ruby编程" .
   [1 0 0 0 1 0])
  ("王小波" .
   [2 0 0])
  ("q_world_step" .
   [0 0 1 1 0 0 0 0 0 0 0 0])
  ("be_ok" .
   [2 0 0 0 0])
  ("的简历" .
   [2 0 0])
  ("Sinatra::Application" .
   [0 0 1 0 0 0 0 0 0 0 0 0 0 0 0 0 0 0 0 0])
  ("html?lang" .
   [1 0 0 0 0 0 0 0 0])
  ("resume" .
   [0 0 0 0 1 0])
  ("settings" .
   [0 0 1 0 0 0 0 0])
  ("config" .
   [1 0 0 0 0 0])))
